offload
99.9 (1146.0387096774195, 1132.494989674436, 1159.582429680403)
99 (854.1354838709677, 850.1987971311427, 858.0721706107928)
99.99 (2110.074193548387, 1963.633563014156, 2256.5148240826184)
$$$$$$$$$$$$$
dedicated
99.9 (1320.835483870968, 1299.2805373191118, 1342.390430422824)
99 (859.4032258064517, 856.0789643586853, 862.7274872542181)
99.99 (3310.0, 3098.0804662326664, 3521.9195337673336)
$$$$$$$$$$$$$$$$
round robin
99.9 (1402.4645161290323, 1377.226411786386, 1427.7026204716785)
99 (887.8967741935483, 882.882916406988, 892.9106319801085)
99.99 (5400.14193548387, 4031.726856094404, 6768.557014873336)
